0 nan
0.0025 0.861238
0.005 0.860582
0.0075 0.860536
0.01 0.861357
0.0125 0.859975
0.015 0.852469
0.0175 0.841195
0.02 0.834914
0.0225 0.841491
0.025 0.860965
0.0275 0.882355
0.03 0.888573
0.0325 0.87179
0.035 0.840672
0.0375 0.811649
0.04 0.797797
0.0425 0.801547
0.045 0.818194
0.0475 0.845
0.05 0.880338
0.0525 0.914729
0.055 0.930291
0.0575 0.915077
0.06 0.876348
0.0625 0.83491
0.065 0.809731
0.0675 0.808863
0.07 0.829561
0.0725 0.860047
0.075 0.883625
0.0775 0.892463
0.08 0.895936
0.0825 0.90719
0.085 0.925039
0.0875 0.93299
0.09 0.919034
0.0925 0.892851
0.095 0.875227
0.0975 0.880608
0.1 0.9129
0.1025 0.968538
0.105 1.04096
0.1075 1.12005
0.11 1.18829
0.1125 1.2252
0.115 1.22258
0.1175 1.19186
0.12 1.15011
0.1225 1.10641
0.125 1.0668
0.1275 1.03607
0.13 1.0105
0.1325 0.984122
0.135 0.962487
0.1375 0.959815
0.14 0.985322
0.1425 1.03684
0.145 1.10075
0.1475 1.154
0.15 1.17034
0.1525 1.13551
0.155 1.06227
0.1575 0.981615
0.16 0.916933
0.1625 0.874244
0.165 0.850328
0.1675 0.841586
0.17 0.845012
0.1725 0.857395
0.175 0.878262
0.1775 0.911518
0.18 0.962566
0.1825 1.03255
0.185 1.11495
0.1875 1.1967
0.19 1.26238
0.1925 1.29939
0.195 1.30528
0.1975 1.28938
0.2 1.25625
0.2025 1.20014
0.205 1.12194
0.2075 1.03507
0.21 0.95521
0.2125 0.893658
0.215 0.856689
0.2175 0.84622
0.22 0.860559
0.2225 0.894582
0.225 0.939312
0.2275 0.98285
0.23 1.01428
0.2325 1.02724
0.235 1.02264
0.2375 1.01023
0.24 1.00469
0.2425 1.01786
0.245 1.05063
0.2475 1.09197
0.25 1.12911
0.2525 1.15788
0.255 1.18092
0.2575 1.1971
0.26 1.19655
0.2625 1.17252
0.265 1.13348
0.2675 1.09205
0.27 1.05124
0.2725 1.01134
0.275 0.979515
0.2775 0.963003
0.28 0.959745
0.2825 0.961872
0.285 0.965484
0.2875 0.971666
0.29 0.977842
0.2925 0.976851
0.295 0.965463
0.2975 0.949356
0.3 0.940425
0.3025 0.950024
0.305 0.984721
0.3075 1.04309
0.31 1.11405
0.3125 1.18159
0.315 1.23067
0.3175 1.2482
0.32 1.22812
0.3225 1.18077
0.325 1.12883
0.3275 1.09289
0.33 1.08216
0.3325 1.0909
0.335 1.09945
0.3375 1.08606
0.34 1.04623
0.3425 0.994394
0.345 0.945435
0.3475 0.907062
0.35 0.884154
0.3525 0.878848
0.355 0.889194
0.3575 0.909583
0.36 0.933
0.3625 0.957509
0.365 0.990379
0.3675 1.03976
0.37 1.10416
0.3725 1.1742
0.375 1.23972
0.3775 1.2887
0.38 1.30745
0.3825 1.29003
0.385 1.24291
0.3875 1.18055
0.39 1.11735
0.3925 1.0594
0.395 1.00749
0.3975 0.964598
0.4 0.935054
0.4025 0.920249
0.405 0.916355
0.4075 0.916488
0.41 0.91753
0.4125 0.922566
0.415 0.936026
0.4175 0.961057
0.42 0.998543
0.4225 1.04455
0.425 1.09177
0.4275 1.1338
0.43 1.16906
0.4325 1.20115
0.435 1.22852
0.4375 1.23688
0.44 1.21283
0.4425 1.16254
0.445 1.10698
0.4475 1.06263
0.45 1.03312
0.4525 1.01604
0.455 1.0113
0.4575 1.01978
0.46 1.03816
0.4625 1.05877
0.465 1.07321
0.4675 1.07374
0.47 1.0552
0.4725 1.02211
0.475 0.988163
0.4775 0.964383
0.48 0.954496
0.4825 0.959273
0.485 0.978795
0.4875 1.01208
0.49 1.05569
0.4925 1.1011
0.495 1.13832
0.4975 1.16219
0.5 1.17225
0.5025 1.17397
0.505 1.17861
0.5075 1.19312
0.51 1.21243
0.5125 1.22222
0.515 1.20719
0.5175 1.16355
0.52 1.10188
0.5225 1.03635
0.525 0.977809
0.5275 0.933141
0.53 0.905142
0.5325 0.892584
0.535 0.892943
0.5375 0.904792
0.54 0.926361
0.5425 0.955686
0.545 0.994136
0.5475 1.04657
0.55 1.1163
0.5525 1.19838
0.555 1.27613
0.5575 1.32628
0.56 1.33223
0.5625 1.29643
0.565 1.23937
0.5675 1.18442
0.57 1.14283
0.5725 1.10994
0.575 1.07355
0.5775 1.02793
0.58 0.979701
0.5825 0.941041
0.585 0.920372
0.5875 0.920283
0.59 0.939257
0.5925 0.971247
0.595 1.00452
0.5975 1.02794
0.6 1.04263
0.6025 1.06097
0.605 1.09408
0.6075 1.14358
0.61 1.20037
0.6125 1.24836
0.615 1.27101
0.6175 1.25933
0.62 1.21868
0.6225 1.16691
0.625 1.12273
0.6275 1.0958
0.63 1.08534
0.6325 1.08475
0.635 1.08729
0.6375 1.08559
0.64 1.0708
0.6425 1.04119
0.645 1.00739
0.6475 0.982929
0.65 0.975695
0.6525 0.988269
0.655 1.019
0.6575 1.06062
0.66 1.10043
0.6625 1.12649
0.665 1.13721
0.6675 1.1431
0.67 1.15605
0.6725 1.17813
0.675 1.20036
0.6775 1.21176
0.68 1.20925
0.6825 1.19768
0.685 1.18159
0.6875 1.16019
0.69 1.13067
0.6925 1.09422
0.695 1.05868
0.6975 1.03282
0.7 1.0191
0.7025 1.01604
0.705 1.0249
0.7075 1.04762
0.71 1.07872
0.7125 1.10559
0.715 1.11946
0.7175 1.12153
0.72 1.11709
0.7225 1.11184
0.725 1.11429
0.7275 1.13238
0.73 1.16488
0.7325 1.19693
0.735 1.20951
0.7375 1.19725
0.74 1.17084
0.7425 1.14293
0.745 1.11955
0.7475 1.10251
0.75 1.0943
0.7525 1.09879
0.755 1.1182
0.7575 1.14877
0.76 1.17733
0.7625 1.18587
0.765 1.16676
0.7675 1.12906
0.77 1.08814
0.7725 1.05576
0.775 1.03761
0.7775 1.03424
0.78 1.0433
0.7825 1.06327
0.785 1.09448
0.7875 1.13456
0.79 1.17397
0.7925 1.20148
0.795 1.21608
0.7975 1.22604
0.8 1.23566
0.8025 1.24047
0.805 1.23438
0.8075 1.21809
0.81 1.20047
0.8125 1.1889
0.815 1.18042
0.8175 1.16359
0.82 1.1291
0.8225 1.08059
0.825 1.03363
0.8275 1.00384
0.83 0.997935
0.8325 1.01404
0.835 1.04628
0.8375 1.08845
0.84 1.13613
0.8425 1.18734
0.845 1.23837
0.8475 1.27883
0.85 1.29702
0.8525 1.29141
0.855 1.27133
0.8575 1.24815
0.86 1.22703
0.8625 1.20689
0.865 1.18868
0.8675 1.17628
0.87 1.16962
0.8725 1.16374
0.875 1.15382
0.8775 1.13703
0.88 1.11277
0.8825 1.08548
0.885 1.0641
0.8875 1.0563
0.89 1.06545
0.8925 1.09086
0.895 1.12906
0.8975 1.17555
0.9 1.22434
0.9025 1.26581
0.905 1.29085
0.9075 1.30015
0.91 1.30191
0.9125 1.302
0.915 1.30164
0.9175 1.29815
0.92 1.28679
0.9225 1.26451
0.925 1.23258
0.9275 1.19508
0.93 1.15503
0.9325 1.11524
0.935 1.08095
0.9375 1.05795
0.94 1.05009
0.9425 1.05873
0.945 1.08433
0.9475 1.12813
0.95 1.18964
0.9525 1.26225
0.955 1.33339
0.9575 1.38831
0.96 1.41535
0.9625 1.41308
0.965 1.38955
0.9675 1.3555
0.97 1.31992
0.9725 1.28626
0.975 1.25367
0.9775 1.22277
0.98 1.19834
0.9825 1.18472
0.985 1.18159
0.9875 1.18649
0.99 1.19601
0.9925 1.20504
0.995 1.21134
0.9975 1.21931
1 1.23582
1.0025 1.26472
1.005 1.30484
1.0075 1.34964
1.01 1.38675
1.0125 1.4014
1.015 1.3882
1.0175 1.35918
1.02 1.33279
1.0225 1.31957
1.025 1.31785
1.0275 1.31598
1.03 1.30153
1.0325 1.27191
1.035 1.23367
1.0375 1.1938
1.04 1.15678
1.0425 1.12686
1.045 1.10731
1.0475 1.09932
1.05 1.1047
1.0525 1.12684
1.055 1.16783
1.0575 1.22522
1.06 1.28951
1.0625 1.34445
1.065 1.37412
1.0675 1.37342
1.07 1.35177
1.0725 1.32263
1.075 1.29252
1.0775 1.2626
1.08 1.23195
1.0825 1.19868
1.085 1.16361
1.0875 1.13202
1.09 1.10989
1.0925 1.10102
1.095 1.10636
1.0975 1.12194
1.1 1.14003
1.1025 1.1581
1.105 1.1816
1.1075 1.21356
1.11 1.24984
1.1125 1.28374
1.115 1.30722
1.1175 1.31057
1.12 1.29096
1.1225 1.25972
1.125 1.23349
1.1275 1.2224
1.13 1.22674
1.1325 1.23743
1.135 1.24013
1.1375 1.22469
1.14 1.19297
1.1425 1.15547
1.145 1.12293
1.1475 1.10224
1.15 1.09548
1.1525 1.10203
1.155 1.12122
1.1575 1.15218
1.16 1.19413
1.1625 1.24555
1.165 1.29872
1.1675 1.3374
1.17 1.34739
1.1725 1.33079
1.175 1.30206
1.1775 1.27254
1.18 1.24507
1.1825 1.21877
1.185 1.19324
1.1875 1.16841
1.19 1.14478
1.1925 1.12574
1.195 1.11742
1.1975 1.12476
1.2 1.14628
1.2025 1.1731
1.205 1.19653
1.2075 1.21583
1.21 1.23663
1.2125 1.26338
1.215 1.29216
1.2175 1.31042
1.22 1.30759
1.2225 1.28631
1.225 1.25955
1.2275 1.23962
1.23 1.23204
1.2325 1.23391
1.235 1.23604
1.2375 1.22992
1.24 1.21436
1.2425 1.19362
1.245 1.17271
1.2475 1.1575
1.25 1.15278
1.2525 1.15886
1.255 1.174
1.2575 1.19845
1.26 1.23372
1.2625 1.27742
1.265 1.3191
1.2675 1.34457
1.27 1.34762
1.2725 1.33413
1.275 1.31268
1.2775 1.28648
1.28 1.2555
1.2825 1.22223
1.285 1.19231
1.2875 1.17123
1.29 1.16242
1.2925 1.16766
1.295 1.18711
1.2975 1.21491
1.3 1.23979
1.3025 1.25652
1.305 1.27054
1.3075 1.28898
1.31 1.31177
1.3125 1.32945
1.315 1.33072
1.3175 1.31488
1.32 1.29344
1.3225 1.27844
1.325 1.27376
1.3275 1.27519
1.33 1.27408
1.3325 1.2632
1.335 1.24314
1.3375 1.22135
1.34 1.20541
1.3425 1.19986
1.345 1.20598
1.3475 1.2229
1.35 1.24967
1.3525 1.28541
1.355 1.32723
1.3575 1.36746
1.36 1.39303
1.3625 1.39413
1.365 1.37484
1.3675 1.34771
1.37 1.3206
1.3725 1.29429
1.375 1.2681
1.3775 1.24397
1.38 1.22581
1.3825 1.21738
1.385 1.22008
1.3875 1.23287
1.39 1.25207
1.3925 1.27238
1.395 1.29208
1.3975 1.31545
1.4 1.34758
1.4025 1.38524
1.405 1.4133
1.4075 1.41638
1.41 1.39559
1.4125 1.36706
1.415 1.34589
1.4175 1.33558
1.42 1.32832
1.4225 1.31372
1.425 1.28975
1.4275 1.26386
1.43 1.24464
1.4325 1.23808
1.435 1.24703
1.4375 1.2704
1.44 1.3043
1.4425 1.34532
1.445 1.39002
1.4475 1.42882
1.45 1.44858
1.4525 1.44573
1.455 1.42906
1.4575 1.40825
1.46 1.3868
1.4625 1.36421
1.465 1.34126
1.4675 1.322
1.47 1.31011
1.4725 1.30499
1.475 1.30263
1.4775 1.30176
1.48 1.30788
1.4825 1.32785
1.485 1.36229
1.4875 1.40497
1.49 1.44415
1.4925 1.46546
1.495 1.46258
1.4975 1.44406
1.5 1.42416
1.5025 1.40986
1.505 1.39881
1.5075 1.38644
1.51 1.37162
1.5125 1.35617
1.515 1.34263
1.5175 1.33443
1.52 1.33731
1.5225 1.35732
1.525 1.39457
1.5275 1.43968
1.53 1.47813
1.5325 1.49875
1.535 1.49938
1.5375 1.48583
1.54 1.46548
1.5425 1.44426
1.545 1.42694
1.5475 1.41661
1.55 1.41215
1.5525 1.40755
1.555 1.39701
1.5575 1.38201
1.56 1.372
1.5625 1.37839
1.565 1.40769
1.5675 1.45562
1.57 1.50602
1.5725 1.53983
1.575 1.55044
1.5775 1.54563
1.58 1.53233
1.5825 1.51054
1.585 1.48317
1.5875 1.45894
1.59 1.44278
1.5925 1.43191
1.595 1.42419
1.5975 1.42406
1.6 1.43635
1.6025 1.46058
1.605 1.49247
1.6075 1.52539
1.61 1.55004
1.6125 1.55808
1.615 1.5499
1.6175 1.53529
1.62 1.52468
1.6225 1.52331
1.625 1.53083
1.6275 1.54021
1.63 1.54005
1.6325 1.52499
1.635 1.50276
1.6375 1.48837
1.64 1.49304
1.6425 1.51706
1.645 1.55112
1.6475 1.58326
1.65 1.60435
1.6525 1.60893
1.655 1.59725
1.6575 1.57782
1.66 1.56211
1.6625 1.55518
1.665 1.55465
1.6675 1.55714
1.67 1.56191
1.6725 1.57023
1.675 1.58374
1.6775 1.60234
1.68 1.62196
1.6825 1.63521
1.685 1.63765
1.6875 1.63169
1.69 1.62289
1.6925 1.61652
1.695 1.61561
1.6975 1.61846
1.7 1.62186
1.7025 1.62531
1.705 1.63043
1.7075 1.64082
1.71 1.65838
1.7125 1.6785
1.715 1.69308
1.7175 1.69587
1.72 1.68452
1.7225 1.664
1.725 1.64583
1.7275 1.639
1.73 1.64639
1.7325 1.66856
1.735 1.70199
1.7375 1.73498
1.74 1.75512
1.7425 1.75978
1.745 1.75358
1.7475 1.74198
1.75 1.72997
1.7525 1.72064
1.755 1.71491
1.7575 1.71278
1.76 1.71491
1.7625 1.7242
1.765 1.74284
1.7675 1.7693
1.77 1.79884
1.7725 1.82357
1.775 1.8349
1.7775 1.83067
1.78 1.81619
1.7825 1.79826
1.785 1.78279
1.7875 1.77659
1.79 1.7852
1.7925 1.80759
1.795 1.83536
1.7975 1.85935
1.8 1.8762
1.8025 1.88594
1.805 1.88884
1.8075 1.8881
1.81 1.88706
1.8125 1.88319
1.815 1.87422
1.8175 1.86727
1.82 1.87318
1.8225 1.89618
1.825 1.93029
1.8275 1.96071
1.83 1.97412
1.8325 1.97198
1.835 1.9662
1.8375 1.9648
1.84 1.96817
1.8425 1.97478
1.845 1.98533
1.8475 2.00135
1.85 2.02121
1.8525 2.03828
1.855 2.04671
1.8575 2.04836
1.86 2.04931
1.8625 2.05286
1.865 2.05831
1.8675 2.06619
1.87 2.08144
1.8725 2.10629
1.875 2.1323
1.8775 2.14736
1.88 2.15078
1.8825 2.1525
1.885 2.16009
1.8875 2.17348
1.89 2.1896
1.8925 2.20744
1.895 2.22731
1.8975 2.24719
1.9 2.26392
1.9025 2.27691
1.905 2.28795
1.9075 2.30007
1.91 2.31581
1.9125 2.33452
1.915 2.3515
1.9175 2.36192
1.92 2.36734
1.9225 2.37579
1.925 2.39547
1.9275 2.4286
1.93 2.46969
1.9325 2.50811
1.935 2.5348
1.9375 2.54852
1.94 2.55672
1.9425 2.57036
1.945 2.59564
1.9475 2.62949
1.95 2.66637
1.9525 2.70572
1.955 2.74827
1.9575 2.79152
1.96 2.83025
1.9625 2.86092
1.965 2.88665
1.9675 2.91457
1.97 2.94959
1.9725 2.9926
1.975 3.04384
1.9775 3.1055
1.98 3.17812
1.9825 3.25781
1.985 3.33848
1.9875 3.41481
1.99 3.48535
1.9925 3.55553
1.995 3.63133
1.9975 3.70321
2 3.74225
2.0025 3.72896
2.005 3.67812
2.0075 3.61592
2.01 3.55236
2.0125 3.48221
2.015 3.39859
2.0175 3.30434
2.02 3.21066
2.0225 3.12695
2.025 3.05459
2.0275 2.99001
2.03 2.93078
2.0325 2.87841
2.035 2.83595
2.0375 2.80156
2.04 2.76724
2.0425 2.72463
2.045 2.67153
2.0475 2.61323
2.05 2.55852
2.0525 2.51384
2.055 2.48116
2.0575 2.45915
2.06 2.44394
2.0625 2.42867
2.065 2.40493
2.0675 2.368
2.07 2.321
2.0725 2.2728
2.075 2.23219
2.0775 2.20326
2.08 2.18548
2.0825 2.17486
2.085 2.16489
2.0875 2.14896
2.09 2.12422
2.0925 2.0928
2.095 2.05885
2.0975 2.02612
2.1 1.99831
2.1025 1.97879
2.105 1.96792
2.1075 1.96215
2.11 1.95662
2.1125 1.94712
2.115 1.93156
2.1175 1.91053
2.12 1.88572
2.1225 1.85847
2.125 1.82931
2.1275 1.80109
2.13 1.77984
2.1325 1.76884
2.135 1.76535
2.1375 1.76453
2.14 1.76255
2.1425 1.75672
2.145 1.74492
2.1475 1.72492
2.15 1.69635
2.1525 1.66242
2.155 1.62888
2.1575 1.603
2.16 1.59092
2.1625 1.59214
2.165 1.59908
2.1675 1.60432
2.17 1.60534
2.1725 1.6032
2.175 1.59899
2.1775 1.59008
2.18 1.57118
2.1825 1.54136
2.185 1.50631
2.1875 1.4734
2.19 1.44939
2.1925 1.43826
2.195 1.43852
2.1975 1.44436
2.2 1.44951
2.2025 1.44998
2.205 1.44556
2.2075 1.43966
2.21 1.43528
2.2125 1.43041
2.215 1.41837
2.2175 1.39499
2.22 1.3637
2.2225 1.33336
2.225 1.31338
2.2275 1.30781
2.23 1.31291
2.2325 1.31963
2.235 1.32013
2.2375 1.31318
2.24 1.30341
2.2425 1.29671
2.245 1.29639
2.2475 1.30103
2.25 1.30411
2.2525 1.29763
2.255 1.278
2.2575 1.24874
2.26 1.21856
2.2625 1.19581
2.265 1.18382
2.2675 1.1802
2.27 1.17919
2.2725 1.17616
2.275 1.17071
2.2775 1.16584
2.28 1.16516
2.2825 1.17098
2.285 1.18291
2.2875 1.19617
2.29 1.2025
2.2925 1.19512
2.295 1.17266
2.2975 1.1402
2.3 1.10743
2.3025 1.08326
2.305 1.07144
2.3075 1.06934
2.31 1.07055
2.3125 1.06972
2.315 1.06492
2.3175 1.05694
2.32 1.04933
2.3225 1.04727
2.325 1.05398
2.3275 1.06752
2.33 1.08089
2.3325 1.0863
2.335 1.07924
2.3375 1.06065
2.34 1.03682
2.3425 1.01548
2.345 1.00049
2.3475 0.990511
2.35 0.98202
2.3525 0.972721
2.355 0.962503
2.3575 0.952703
2.36 0.945421
2.3625 0.943006
2.365 0.9473
2.3675 0.958165
2.37 0.971587
2.3725 0.981389
2.375 0.983862
2.3775 0.978989
2.38 0.968414
2.3825 0.953919
2.385 0.937934
2.3875 0.923843
2.39 0.913246
2.3925 0.904683
2.395 0.895853
2.3975 0.885512
2.4 0.87357
2.4025 0.86098
2.405 0.850279
2.4075 0.845252
2.41 0.848653
2.4125 0.859997
2.415 0.875352
2.4175 0.888869
2.42 0.896036
2.4225 0.896542
2.425 0.892451
2.4275 0.884536
2.43 0.872593
2.4325 0.857537
2.435 0.840933
2.4375 0.823892
2.44 0.807787
2.4425 0.794315
2.445 0.784367
2.4475 0.778163
2.45 0.775941
2.4525 0.777692
2.455 0.782218
2.4575 0.787174
2.46 0.790985
2.4625 0.793274
2.465 0.793951
2.4675 0.79413
2.47 0.796515
2.4725 0.802441
2.475 0.809122
2.4775 0.810934
2.48 0.803263
2.4825 0.786101
2.485 0.764402
2.4875 0.743752
2.49 0.72614
2.4925 0.711054
2.495 0.699134
2.4975 0.692624
2.5 0.692819
2.5025 0.698766
2.505 0.708049
2.5075 0.717144
2.51 0.721775
2.5125 0.720564
2.515 0.717925
2.5175 0.719745
2.52 0.727816
2.5225 0.738932
2.525 0.746602
2.5275 0.744959
2.53 0.732971
2.5325 0.714401
2.535 0.693945
2.5375 0.674062
2.54 0.65607
2.5425 0.641895
2.545 0.632685
2.5475 0.628002
2.55 0.62777
2.5525 0.63276
2.555 0.641649
2.5575 0.649865
2.56 0.653427
2.5625 0.653099
2.565 0.653047
2.5675 0.656306
2.57 0.662521
2.5725 0.668788
2.575 0.672056
2.5775 0.671264
2.58 0.666781
2.5825 0.658086
2.585 0.644731
2.5875 0.628756
2.59 0.613002
2.5925 0.598766
2.595 0.58657
2.5975 0.577525
2.6 0.572834
2.6025 0.572427
2.605 0.574483
2.6075 0.57692
2.61 0.579366
2.6125 0.582768
2.615 0.587866
2.6175 0.594219
2.62 0.600226
2.6225 0.604569
2.625 0.60742
2.6275 0.610054
2.63 0.612775
2.6325 0.613124
2.635 0.607214
2.6375 0.593569
2.64 0.575332
2.6425 0.557383
2.645 0.5427
2.6475 0.532142
2.65 0.525744
2.6525 0.522854
2.655 0.521972
2.6575 0.521958
2.66 0.523056
2.6625 0.526005
2.665 0.53038
2.6675 0.534778
2.67 0.538357
2.6725 0.541327
2.675 0.544116
2.6775 0.54677
2.68 0.549551
2.6825 0.553019
2.685 0.556076
2.6875 0.555067
2.69 0.546873
2.6925 0.532577
2.695 0.516853
2.6975 0.504149
2.7 0.496047
2.7025 0.491528
2.705 0.488497
2.7075 0.485229
2.71 0.481234
2.7125 0.476885
2.715 0.473171
2.7175 0.471567
2.72 0.472691
2.7225 0.475918
2.725 0.480583
2.7275 0.486269
2.73 0.492333
2.7325 0.498137
2.735 0.503045
2.7375 0.506073
2.74 0.50654
2.7425 0.504032
2.745 0.497998
2.7475 0.488732
2.75 0.478096
2.7525 0.468593
2.755 0.461204
2.7575 0.454844
2.76 0.447881
2.7625 0.43985
2.765 0.431945
2.7675 0.426027
2.77 0.423225
2.7725 0.423558
2.775 0.426689
2.7775 0.432545
2.78 0.44062
2.7825 0.448743
2.785 0.453693
2.7875 0.454031
2.79 0.451679
2.7925 0.449788
2.795 0.449731
2.7975 0.450842
2.8 0.451798
2.8025 0.451363
2.805 0.448601
2.8075 0.442876
2.81 0.434152
2.8125 0.423314
2.815 0.412025
2.8175 0.401928
2.82 0.393945
2.8225 0.38831
2.825 0.385225
2.8275 0.385216
2.83 0.388497
2.8325 0.394266
2.835 0.400465
2.8375 0.404247
2.84 0.403939
2.8425 0.401014
2.845 0.398895
2.8475 0.399802
2.85 0.403769
2.8525 0.409808
2.855 0.416808
2.8575 0.42299
2.86 0.425427
2.8625 0.421326
2.865 0.410318
2.8675 0.395207
2.87 0.379783
2.8725 0.366667
2.875 0.357144
2.8775 0.351729
2.88 0.350278
2.8825 0.351909
2.885 0.355512
2.8875 0.36001
2.89 0.363593
2.8925 0.364306
2.895 0.362357
2.8975 0.36015
2.9 0.359817
2.9025 0.362021
2.905 0.366501
2.9075 0.372319
2.91 0.377935
2.9125 0.382195
2.915 0.384773
2.9175 0.384817
2.92 0.380456
2.9225 0.370768
2.925 0.357753
2.9275 0.345215
2.93 0.335673
2.9325 0.329592
2.935 0.32676
2.9375 0.327009
2.94 0.32955
2.9425 0.33226
2.945 0.332449
2.9475 0.32919
2.95 0.324484
2.9525 0.321428
2.955 0.32147
2.9575 0.323864
2.96 0.327302
2.9625 0.331218
2.965 0.335558
2.9675 0.340268
2.97 0.344965
2.9725 0.348764
2.975 0.350517
2.9775 0.34905
2.98 0.343626
2.9825 0.334585
2.985 0.323814
2.9875 0.314134
2.99 0.30745
2.9925 0.303996
2.995 0.302809
2.9975 0.302205
3 0.300638
3.0025 0.297765
3.005 0.294477
3.0075 0.291847
3.01 0.290478
3.0125 0.290766
3.015 0.293032
3.0175 0.297202
3.02 0.302393
3.0225 0.307151
3.025 0.31053
3.0275 0.312595
3.03 0.313706
3.0325 0.313905
3.035 0.313203
3.0375 0.311452
3.04 0.308052
3.0425 0.302614
3.045 0.296028
3.0475 0.290262
3.05 0.286489
3.0525 0.283953
3.055 0.280936
3.0575 0.276697
3.06 0.272001
3.0625 0.267878
3.065 0.264849
3.0675 0.263209
3.07 0.263231
3.0725 0.265142
3.075 0.268798
3.0775 0.273097
3.08 0.276261
3.0825 0.277291
3.085 0.276857
3.0875 0.276743
3.09 0.278296
3.0925 0.281239
3.095 0.284306
3.0975 0.286569
3.1 0.287559
3.1025 0.286625
3.105 0.282855
3.1075 0.275955
3.11 0.266988
3.1125 0.257834
3.115 0.249876
3.1175 0.243738
3.12 0.239588
3.1225 0.23737
3.125 0.237284
3.1275 0.239501
3.13 0.243169
3.1325 0.246512
3.135 0.248188
3.1375 0.248167
3.14 0.247494
3.1425 0.247472
3.145 0.248828
3.1475 0.251575
3.15 0.255364
3.1525 0.259666
3.155 0.263803
3.1575 0.266833
3.16 0.267384
3.1625 0.264144
3.165 0.257068
3.1675 0.247766
3.17 0.238354
3.1725 0.230401
3.175 0.224773
3.1775 0.221719
3.18 0.220928
3.1825 0.22167
3.185 0.223189
3.1875 0.224736
3.19 0.225227
3.1925 0.223899
3.195 0.221417
3.1975 0.2196
3.2 0.219913
3.2025 0.222473
3.205 0.226381
3.2075 0.230641
3.21 0.234524
3.2125 0.237579
3.215 0.239886
3.2175 0.241699
3.22 0.24239
3.2225 0.240593
3.225 0.235737
3.2275 0.228774
3.23 0.221371
3.2325 0.214758
3.235 0.209491
3.2375 0.20585
3.24 0.203886
3.2425 0.20311
3.245 0.202539
3.2475 0.201434
3.25 0.19997
3.2525 0.198988
3.255 0.199109
3.2575 0.200366
3.26 0.202688
3.2625 0.20591
3.265 0.20934
3.2675 0.212078
3.27 0.213858
3.2725 0.215156
3.275 0.216512
3.2775 0.217909
3.28 0.218701
3.2825 0.218066
3.285 0.215415
3.2875 0.210582
3.29 0.204166
3.2925 0.197714
3.295 0.192766
3.2975 0.189846
3.3 0.188415
3.3025 0.187458
3.305 0.186267
3.3075 0.184859
3.31 0.183754
3.3125 0.183425
3.315 0.183867
3.3175 0.184654
3.32 0.185426
3.3225 0.186293
3.325 0.187533
3.3275 0.189098
3.33 0.19073
3.3325 0.192266
3.335 0.19381
3.3375 0.195535
3.34 0.197041
3.3425 0.197527
3.345 0.196641
3.3475 0.194555
3.35 0.191623
3.3525 0.188269
3.355 0.184595
3.3575 0.180387
3.36 0.175902
3.3625 0.171911
3.365 0.169043
3.3675 0.167354
3.37 0.166311
3.3725 0.16542
3.375 0.164928
3.3775 0.165466
3.38 0.167124
3.3825 0.169268
3.385 0.171165
3.3875 0.172499
3.39 0.173399
3.3925 0.174124
3.395 0.174885
3.3975 0.175909
3.4 0.177304
3.4025 0.178974
3.405 0.180535
3.4075 0.181132
3.41 0.179732
3.4125 0.176061
3.415 0.171109
3.4175 0.166165
3.42 0.161821
3.4225 0.158099
3.425 0.154879
3.4275 0.152264
3.43 0.15069
3.4325 0.150663
3.435 0.152257
3.4375 0.154622
3.44 0.156287
3.4425 0.156238
3.445 0.154748
3.4475 0.153133
3.45 0.152632
3.4525 0.153548
3.455 0.155467
3.4575 0.157866
3.46 0.160289
3.4625 0.162495
3.465 0.164653
3.4675 0.166679
3.47 0.167595
3.4725 0.166193
3.475 0.162178
3.4775 0.156408
3.48 0.150224
3.4825 0.144857
3.485 0.1412
3.4875 0.13959
3.49 0.139701
3.4925 0.140558
3.495 0.140913
3.4975 0.140078
3.5 0.138381
3.5025 0.136763
3.505 0.136026
3.5075 0.136515
3.51 0.138127
3.5125 0.140387
3.515 0.142796
3.5175 0.145213
3.52 0.147782
3.5225 0.150541
3.525 0.152972
3.5275 0.154037
3.53 0.153039
3.5325 0.150207
3.535 0.14624
3.5375 0.141789
3.54 0.137574
3.5425 0.134339
3.545 0.132381
3.5475 0.131322
3.55 0.130351
3.5525 0.12882
3.555 0.126849
3.5575 0.125183
3.56 0.124392
3.5625 0.124457
3.565 0.125047
3.5675 0.125967
3.57 0.127354
3.5725 0.129375
3.575 0.131668
3.5775 0.133382
3.58 0.134057
3.5825 0.134121
3.585 0.134298
3.5875 0.134841
3.59 0.13544
3.5925 0.135705
3.595 0.135361
3.5975 0.134127
3.6 0.131876
3.6025 0.128843
3.605 0.125377
3.6075 0.121867
3.61 0.118734
3.6125 0.116221
3.615 0.114391
3.6175 0.113268
3.62 0.112909
3.6225 0.113402
3.625 0.114684
3.6275 0.116331
3.63 0.117747
3.6325 0.118601
3.635 0.118859
3.6375 0.118729
3.64 0.11874
3.6425 0.119455
3.645 0.121036
3.6475 0.123015
3.65 0.124581
3.6525 0.12523
3.655 0.124933
3.6575 0.123716
3.66 0.121476
3.6625 0.118337
3.665 0.114794
3.6675 0.111413
3.67 0.108709
3.6725 0.106961
3.675 0.105983
3.6775 0.105393
3.68 0.105128
3.6825 0.105466
3.685 0.106401
3.6875 0.107251
3.69 0.107296
3.6925 0.106643
3.695 0.106067
3.6975 0.106076
3.7 0.106549
3.7025 0.107291
3.705 0.108321
3.7075 0.109551
3.71 0.110805
3.7125 0.112097
3.715 0.113397
3.7175 0.114208
3.72 0.1138
3.7225 0.111889
3.725 0.108891
3.7275 0.105478
3.73 0.102184
3.7325 0.0994594
3.735 0.0976235
3.7375 0.0966868
3.74 0.0964143
3.7425 0.0964533
3.745 0.0963733
3.7475 0.0958239
3.75 0.0948997
3.7525 0.0941532
3.755 0.0940535
3.7575 0.0946537
3.76 0.0957622
3.7625 0.0971821
3.765 0.0988156
3.7675 0.100714
3.77 0.102871
3.7725 0.104885
3.775 0.106137
3.7775 0.106187
3.78 0.104833
3.7825 0.102168
3.785 0.0986705
3.7875 0.0951834
3.79 0.0925794
3.7925 0.0911921
3.795 0.0905641
3.7975 0.0898317
3.8 0.0885519
3.8025 0.0870488
3.805 0.0858859
3.8075 0.0853276
3.81 0.0853135
3.8125 0.0857077
3.815 0.0864829
3.8175 0.087653
3.82 0.0891258
3.8225 0.090683
3.825 0.0920336
3.8275 0.0928941
3.83 0.0931721
3.8325 0.0931196
3.835 0.0930705
3.8375 0.0931543
3.84 0.0932593
3.8425 0.0930278
3.845 0.0920413
3.8475 0.0902204
3.85 0.0879357
3.8525 0.0855731
3.855 0.0832785
3.8575 0.0811514
3.86 0.0793909
3.8625 0.0781926
3.865 0.0775896
3.8675 0.0775445
3.87 0.0781301
3.8725 0.0793784
3.875 0.0809423
3.8775 0.0821017
3.88 0.0823163
3.8825 0.0817777
3.885 0.0812604
3.8875 0.0814495
3.89 0.0824668
3.8925 0.083923
3.895 0.0852562
3.8975 0.0860716
3.9 0.0862387
3.9025 0.085692
3.905 0.0843329
3.9075 0.0822457
3.91 0.0797945
3.9125 0.0773621
3.915 0.0752208
3.9175 0.0736055
3.92 0.0726808
3.9225 0.0724475
3.925 0.0727188
3.9275 0.0732045
3.93 0.0736338
3.9325 0.0737832
3.935 0.0735551
3.9375 0.0730871
3.94 0.0726918
3.9425 0.0726487
3.945 0.0730306
3.9475 0.0737348
3.95 0.0745742
3.9525 0.0753778
3.955 0.0761566
3.9575 0.0770865
3.96 0.0780752
3.9625 0.0785278
3.965 0.0779093
3.9675 0.0763197
3.97 0.0742777
3.9725 0.0722001
3.975 0.0702626
3.9775 0.0686283
3.98 0.0675093
3.9825 0.0669104
3.985 0.0665284
3.9875 0.0660677
3.99 0.0655086
3.9925 0.0649928
3.995 0.0646572
3.9975 0.0645555
4 0.0646993
4.0025 0.0651973
4.005 0.0661459
4.0075 0.0674047
4.01 0.0687474
4.0125 0.0701247
4.015 0.0714747
4.0175 0.0725039
4.02 0.0728539
4.0225 0.072295
4.025 0.0708296
4.0275 0.0687586
4.03 0.0665546
4.0325 0.0646271
4.035 0.0631676
4.0375 0.0621297
4.04 0.0612847
4.0425 0.0604184
4.045 0.0595186
4.0475 0.0587745
4.05 0.0584207
4.0525 0.0585285
4.055 0.0589619
4.0575 0.0596124
4.06 0.0605336
4.0625 0.0616901
4.065 0.0627688
4.0675 0.0634017
4.07 0.0635165
4.0725 0.0634101
4.075 0.0634405
4.0775 0.063668
4.08 0.0639052
4.0825 0.0639468
4.085 0.0636064
4.0875 0.0627074
4.09 0.0612706
4.0925 0.059576
4.095 0.0579117
4.0975 0.056436
4.1 0.0552016
4.1025 0.0542095
4.105 0.0535438
4.1075 0.0534006
4.11 0.0538632
4.1125 0.0547363
4.115 0.055617
4.1175 0.0560852
4.12 0.0559858
4.1225 0.0555564
4.125 0.055219
4.1275 0.0553267
4.13 0.0560165
4.1325 0.0570958
4.135 0.0581051
4.1375 0.0586942
4.14 0.0588575
4.1425 0.0586814
4.145 0.0580391
4.1475 0.0567348
4.15 0.0549044
4.1525 0.0530318
4.155 0.0515535
4.1575 0.0506042
4.16 0.0501216
4.1625 0.0500015
4.165 0.0501135
4.1675 0.0502707
4.17 0.0502441
4.1725 0.049947
4.175 0.0495813
4.1775 0.0494097
4.18 0.0495032
4.1825 0.0497797
4.185 0.0501599
4.1875 0.0506501
4.19 0.0512767
4.1925 0.0519824
4.195 0.0526845
4.1975 0.0533134
4.2 0.0536677
4.2025 0.0534553
4.205 0.0525698
4.2075 0.0512032
4.21 0.0497016
4.2125 0.0483381
4.215 0.0472377
4.2175 0.0464088
4.22 0.0457865
4.2225 0.0453032
4.225 0.0449132
4.2275 0.0445566
4.23 0.0442204
4.2325 0.0440025
4.235 0.0440035
4.2375 0.0442621
4.24 0.0448035
4.2425 0.0456053
4.245 0.046555
4.2475 0.0475027
4.25 0.0483154
4.2525 0.0489123
4.255 0.0492341
4.2575 0.049166
4.26 0.0485935
4.2625 0.047535
4.265 0.046184
4.2675 0.0448257
4.27 0.0436603
4.2725 0.0427177
4.275 0.0419227
4.2775 0.0412165
4.28 0.0406244
4.2825 0.040205
4.285 0.0399849
4.2875 0.0399913
4.29 0.040307
4.2925 0.0409698
4.295 0.0418201
4.2975 0.0425498
4.3 0.0429105
4.3025 0.0428603
4.305 0.0426069
4.3075 0.0424906
4.31 0.0426903
4.3125 0.0431026
4.315 0.0434668
4.3175 0.043531
4.32 0.0431597
4.3225 0.0423624
4.325 0.0412949
4.3275 0.0401533
4.33 0.0390724
4.3325 0.0381217
4.335 0.0373622
4.3375 0.0369037
4.34 0.0368383
4.3425 0.0371379
4.345 0.037589
4.3475 0.0378338
4.35 0.0376724
4.3525 0.0372806
4.355 0.037
4.3575 0.0370577
4.36 0.0374723
4.3625 0.0381015
4.365 0.0387629
4.3675 0.0393328
4.37 0.0397804
4.3725 0.0400718
4.375 0.0400394
4.3775 0.0394625
4.38 0.0383466
4.3825 0.0370234
4.385 0.0358838
4.3875 0.0351079
4.39 0.0346314
4.3925 0.0342836
4.395 0.033981
4.3975 0.0337359
4.4 0.0335414
4.4025 0.0333976
4.405 0.0333508
4.4075 0.0334221
4.41 0.0335715
4.4125 0.0337611
4.415 0.0340225
4.4175 0.0344273
4.42 0.0349609
4.4225 0.0354862
4.425 0.0358912
4.4275 0.0361588
4.43 0.0362672
4.4325 0.036086
4.435 0.0354493
4.4375 0.0343974
4.44 0.0332454
4.4425 0.0323
4.445 0.0316437
4.4475 0.031208
4.45 0.0308875
4.4525 0.0305843
4.455 0.0302508
4.4575 0.0299371
4.46 0.0297557
4.4625 0.0297864
4.465 0.0300478
4.4675 0.0305175
4.47 0.0311078
4.4725 0.0316866
4.475 0.0321598
4.4775 0.0324814
4.48 0.0326439
4.4825 0.0326926
4.485 0.0326446
4.4875 0.0324099
4.49 0.0318926
4.4925 0.0311359
4.495 0.0303055
4.4975 0.0295245
4.5 0.0288109
4.5025 0.0281672
4.505 0.0276304
4.5075 0.0272375
4.51 0.0270258
4.5125 0.0270619
4.515 0.0273919
4.5175 0.0279349
4.52 0.0284407
4.5225 0.0286428
4.525 0.0285017
4.5275 0.0282433
4.53 0.0281467
4.5325 0.0283372
4.535 0.0287371
4.5375 0.0291404
4.54 0.0293541
4.5425 0.0293101
4.545 0.029018
4.5475 0.0284604
4.55 0.0276589
4.5525 0.0267665
4.555 0.0259971
4.5575 0.025492
4.56 0.0252684
4.5625 0.0252361
4.565 0.0252487
4.5675 0.0251793
4.57 0.0250012
4.5725 0.024797
4.575 0.0246882
4.5775 0.0247604
4.58 0.0249998
4.5825 0.0253082
4.585 0.0256415
4.5875 0.0260311
4.59 0.0264512
4.5925 0.0267923
4.595 0.0269198
4.5975 0.0267295
4.6 0.0262131
4.6025 0.0254825
4.605 0.0247137
4.6075 0.0240241
4.61 0.0234336
4.6125 0.0229486
4.615 0.0226055
4.6175 0.0224327
4.62 0.0224
4.6225 0.0224236
4.625 0.0224356
4.6275 0.0224394
4.63 0.022493
4.6325 0.0226533
4.635 0.0229254
4.6375 0.0232568
4.64 0.0235777
4.6425 0.0238323
4.645 0.0240027
4.6475 0.0240911
4.65 0.0240301
4.6525 0.0237079
4.655 0.0231183
4.6575 0.0224173
4.66 0.0218233
4.6625 0.0214319
4.665 0.0211476
4.6675 0.0208407
4.67 0.0205
4.6725 0.0201924
4.675 0.0199805
4.6775 0.0199163
4.68 0.0200422
4.6825 0.0203418
4.685 0.0206981
4.6875 0.0209691
4.69 0.0211037
4.6925 0.0211545
4.695 0.0212212
4.6975 0.0213672
4.7 0.0215489
4.7025 0.021636
4.705 0.0215038
4.7075 0.0211155
4.71 0.0205463
4.7125 0.0199093
4.715 0.0192843
4.7175 0.0187427
4.72 0.0183587
4.7225 0.0181719
4.725 0.0181728
4.7275 0.0183184
4.73 0.018525
4.7325 0.0186669
4.735 0.0186667
4.7375 0.0185732
4.74 0.0185205
4.7425 0.0186114
4.745 0.0188274
4.7475 0.0190767
4.75 0.0192976
4.7525 0.0194573
4.755 0.0194878
4.7575 0.0192945
4.76 0.0188516
4.7625 0.0182735
4.765 0.0177329
4.7675 0.0173349
4.77 0.0170814
4.7725 0.0168968
4.775 0.016716
4.7775 0.0165488
4.78 0.0164421
4.7825 0.0164052
4.785 0.0164021
4.7875 0.0164171
4.79 0.0164878
4.7925 0.0166545
4.795 0.0169078
4.7975 0.0171921
4.8 0.0174447
4.8025 0.0176185
4.805 0.01767
4.8075 0.0175548
4.81 0.0172414
4.8125 0.0167454
4.815 0.0161658
4.8175 0.0156447
4.82 0.0152838
4.8225 0.0150919
4.825 0.0149924
4.8275 0.0148997
4.83 0.0147964
4.8325 0.0147173
4.835 0.0147037
4.8375 0.0147908
4.84 0.0149735
4.8425 0.0151914
4.845 0.0153818
4.8475 0.0155172
4.85 0.0155946
4.8525 0.0156306
4.855 0.0156335
4.8575 0.0155593
4.86 0.0153495
4.8625 0.0150213
4.865 0.0146611
4.8675 0.0143301
4.87 0.0140216
4.8725 0.0137119
4.875 0.0134248
4.8775 0.0132192
4.88 0.0131376
4.8825 0.0131871
4.885 0.01333
4.8875 0.0134804
4.89 0.0135575
4.8925 0.0135701
4.895 0.0136084
4.8975 0.0137319
4.9 0.0139146
4.9025 0.0140886
4.905 0.0141843
4.9075 0.0141364
4.91 0.0138936
4.9125 0.0134706
4.915 0.0129758
4.9175 0.0125362
4.92 0.0122295
4.9225 0.0120721
4.925 0.0120238
4.9275 0.0120166
4.93 0.0120075
4.9325 0.0120071
4.935 0.0120319
4.9375 0.0120713
4.94 0.0121139
4.9425 0.0121743
4.945 0.012278
4.9475 0.0124146
4.95 0.0125385
4.9525 0.0125968
4.955 0.0125442
4.9575 0.0123702
4.96 0.0121069
4.9625 0.01181
4.965 0.0115192
4.9675 0.0112532
4.97 0.0110439
4.9725 0.0109121
4.975 0.010834
4.9775 0.0107645
4.98 0.0106879
4.9825 0.0106301
4.985 0.010623
4.9875 0.0106837
4.99 0.010808
4.9925 0.0109681
4.995 0.0111259
4.9975 0.0112557
